1,1	43902
1,10	38854
1,11	31510
1,12	38810
1,13	41441
1,14	28892
1,15	33590
1,16	28245
1,17	36005
1,18	24921
1,19	43586
1,2	33480
1,20	44208
1,3	43804
1,4	47429
1,5	33662
1,6	27773
1,7	39023
1,8	43199
1,9	22069
10,1	52471
10,10	45764
10,11	39155
10,12	38431
10,13	46946
10,14	37388
10,15	36140
10,16	38000
10,17	40994
10,18	25476
10,19	44395
10,2	36337
10,20	53657
10,3	45231
10,4	52986
10,5	38450
10,6	33127
10,7	44601
10,8	43497
10,9	32559
2,1	31305
2,10	26024
2,11	19315
2,12	24589
2,13	30748
2,14	23948
2,15	20240
2,16	19220
2,17	19858
2,18	17498
2,19	24733
2,2	21972
2,20	30685
2,3	28434
2,4	33557
2,5	26983
2,6	18728
2,7	23091
2,8	23378
2,9	10698
3,1	42484
3,10	37135
3,11	39233
3,12	33472
3,13	39346
3,14	37589
3,15	31502
3,16	26250
3,17	38944
3,18	21431
3,19	35789
3,2	38623
3,20	45021
3,3	41316
3,4	45272
3,5	38820
3,6	18459
3,7	38346
3,8	38137
3,9	26823
4,1	44381
4,10	39662
4,11	29118
4,12	37729
4,13	39049
4,14	35498
4,15	35894
4,16	27209
4,17	31224
4,18	21428
4,19	32440
4,2	39115
4,20	42060
4,3	40020
4,4	38568
4,5	31935
4,6	21338
4,7	32783
4,8	30986
4,9	26256
5,1	37754
5,10	35880
5,11	25822
5,12	28635
5,13	37834
5,14	26083
5,15	24993
5,16	24820
5,17	34026
5,18	23739
5,19	33146
5,2	30902
5,20	40860
5,3	37348
5,4	40312
5,5	25071
5,6	23724
5,7	33378
5,8	31700
5,9	21415
6,1	46064
6,10	48617
6,11	28026
6,12	38677
6,13	39444
6,14	35533
6,15	34234
6,16	30897
6,17	32755
6,18	25467
6,19	37942
6,2	39008
6,20	39928
6,3	43967
6,4	47899
6,5	31142
6,6	27301
6,7	37967
6,8	38389
6,9	23434
7,1	62049
7,10	52545
7,11	48971
7,12	52177
7,13	54357
7,14	46155
7,15	44377
7,16	43618
7,17	52773
7,18	32869
7,19	55248
7,2	47180
7,20	61176
7,3	55177
7,4	62466
7,5	44779
7,6	33978
7,7	51641
7,8	53987
7,9	37155
8,1	38595
8,10	31676
8,11	39576
8,12	34597
8,13	39473
8,14	30763
8,15	31411
8,16	27868
8,17	42717
8,18	26331
8,19	39544
8,2	33084
8,20	45342
8,3	41275
8,4	43922
8,5	34501
8,6	23221
8,7	34834
8,8	38339
8,9	30624
9,1	47224
9,10	49523
9,11	34264
9,12	34549
9,13	43676
9,14	40596
9,15	38216
9,16	37392
9,17	38050
9,18	26680
9,19	38380
9,2	46772
9,20	49907
9,3	44007
9,4	51999
9,5	37381
9,6	28497
9,7	42048
9,8	38520
9,9	30185
